110541
660302
305544
727690
143103
482288
837090
514823
685822
621421
572961
269551
527606
442395
954602
77408
345350
179897
995105
491129
867748
989617
729877
603805
71298
434070
312732
510391
628237
618157
100319
272021
946997
333764
459017
558285
990448
964414
837873
435506
43094
283499
14460
282582
236577
949803
775176
727209
609720
81414
856850
172835
226219
945422
477139
609784
503347
885589
326866
955829
704688
211123
696022
111742
178112
954729
891353
596371
907285
843404
381284
530172
571472
585659
695595
516876
280077
69532
676760
126162
572830
608032
537510
355102
860933
873235
34220
591909
792558
983404
581052
514798
641741
674351
473097
861757
39153
486078
191537
324625
