363923474537
348527353341
391843972258
244164127612
196555681326
210154366041
223841283485
273337704501
133082103155
417760427972
225429338567
315269222505
199204835281
183281628701
279656422711
192467709066
430410597023
460320233280
249233168251
387364845931
429636277695
198482584479
335237342012
335557370507
361610785666
462746799203
441395152100
136987235858
383129074840
434405625026
180179647673
469990918638
260950248738
240517942915
441977951365
336999149578
354586264555
225543481000
454198552041
475831274735
348036172465
166497047420
219714309912
112562349101
236705966387
377546088676
124941076791
187589672367
256797338729
197517712903
404274888303
309442927368
447085515100
249404323625
342423234716
474490254921
457284603984
339334733346
120518686589
209268775621
255666176024
211144855145
353967308759
343094610435
461289178443
454078737364
159760015838
239439160141
409476424601
413516586354
301285338782
415093997332
181967487693
117360578257
173465369401
157076546512
108789430323
123077226863
334116377002
110282041498
233385585358
460633123235
430716727148
191681322345
173386030149
253848806472
256514254376
424440644720
380423347525
232090355873
156977743943
294547636381
249686146098
402191049037
256387039601
215865213831
243896912282
362161409768
163681963243
348776209593
212809773437
498196911141
466358896946
489768102469
317255682054
414823726385
182257476372
431233896164
363939244152
281095269764
209751937466
117967250590
152996276087
158261163344
202477910835
305437879833
101272678275
414446111048
348155526998
266479574836
418902238730
437890348353
269508457849
438501981597
200234075924
471809370424
452773322501
307957068196
445951697813
389468997960
206536917301
161559698596
205137923510
274941043029
319092885848
309310888103
265877137230
307395626617
290120175336
417944746314
490355669952
370589407714
263711120386
175863406891
171532794006
412056617169
270333542860
262637165875
311225269074
132017597952
140319554007
126278491065
175728156443
319865821342
412463027837
447823791704
438232851780
422724621805
408243906485
201494161863
242310267389
179761353014
281363180469
352874432690
420213561973
404774915565
102589905024
483941247846
433162941050
269522934217
215839330361
445053680083
120686724412
110277007444
142030535105
402100903747
127693662240
232938231992
149521773712
404753905311
131122306743
165304715952
475128426094
232837671497
448549807163
490849938058
302485064922
443674189640
133366358519
110944962408
109294315067
290799476799
283306606836
412595223816
219300846546
264278574396
347346292884
380309257226
445168998723
350916416489
391056622762
280333501289
470307470866
339835498615
471161413625
389464781935
369272333603
343690969954
108499167575
214964400012
436564281881
261098115698
267138222046
435630871504
376659996256
356823831379
268895114074
353522089342
171757828422
375513048743
347367847454
244618352350
300033641007
432690876537
466977971552
380192530272
288474132436
452601795766
434998901858
374238384424
490681360223
403118643817
393255075436
247677217702
334579706931
271731298949
485640755685
494514593311
331186060188
389040180100
388625836994
291026242410
273769101693
187714740442
127442996409
181318583756
264032262240
405167176358
418933005256
183017304028
260584262203
172627416876
410881016586
341562253465
204554212578
235763086730
489487302673
348742001217
360919237833
111959556152
218364443719
258972639830
154450037440
264332321796
308268097460
427647758129
292962967567
152590385692
409338739468
132109849166
412697053403
223894969504
150120520977
456839305696
322722733659
462673237544
121574240364
365478322882
153600420967
493675612541
450322370958
322917992311
231105677837
257083460631
287354328358
463391287461
146957695632
487756593636
195895233788
198165266686
238102236234
394651765169
158685513782
319969037802
298713928556
105245099963
424206398737
240801036074
415584553802
355211141643
219427567764
212860282487
219851562621
137337596610
292887273297
401417338735
464539520177
142923075767
215395044261
157735630791
410831959132
203548111134
107246504430
121416859433
119283766629
214670469962
123521416139
155981652558
452448135941
213153674752
495508774339
268425505252
101618808218
370133957879
169309527041
114456051367
455496361562
120730908130
450739961784
171687380277
187976324683
403510929657
208203897384
299538184365
351804989443
376406068462
160436372129
335388560358
192930510168
438433303205
412068488588
250085154441
455739865361
309733824789
393243988550
231093377569
386083440000
136674204751
126583492528
119949268138
283774901140
311961824843
212076498686
327936759795
229734951015
325889264095
441320575104
403218648360
414577199540
203715462031
449514736053
313537554415
299564810498
110492865623
497526401893
129619364670
422075378700
285028661981
286124713204
456085900200
223433161661
351491525647
206470705096
436397819368
435040986199
266522457359
233239549885
178331157031
211671195522
437324217969
457453312691
445415920568
182191403452
488777650435
419667918299
133273708834
289628884874
455288309533
203611817048
373049188504
218559269993
329127945988
347534362860
218137162841
391094399863
105884331819
290748431490
426268746811
468428506525
274139303855
176023492506
417387937464
411367576756
159908239702
245528074388
167520706872
374156676540
140994178663
204987042074
226246146232
109158357459
108282947106
375472900955
388845931247
303238673945
204071450059
148820376276
157414412663
360211179462
480990408376
142782996937
377910483890
313924124522
452507400968
251541852701
352863558003
253765737663
179255281224
370694372993
476583632576
206457897170
146638907906
244640642556
402466438390
198257243973
317538496138
324925716859
144430654186
210159737834
274159437263
308242672903
294932880673
190818445915
365581312495
147273221525
206912297734
235665003821
424635876768
289255479243
266055454715
292416250493
464794450839
379079983415
229141064605
279751459977
115473848389
319136358235
255653818946
494356483226
176911785497
101835853069
480771221020
409251485223
271653511205
299498427735
461284024538
216407108611
456091999554
252575518768
397269548371
195605604551
275010534005
265710717680
314256395664
332585658733
375842913907
236762572848
493163561520
204184733568
284077419504
283300299241
395902160113
120823108939
472942554412
207598147711
153312827227
107604351896
368832572568
402124385926
260579141609
172602871053
437757289558
329154429086
176199144610
165708614877
281676068513
131264461271
429727750801
151733224576
313612879693
292925195193
327980299258
487598390329
175972155494
145329016725
447539253374
170620490797
492996848608
282906061124
361487213809
330943301199
448802137807
187492613568
140886283035
198421884250
213603925957
400799582734
375151588228
144641487378
185277417253
242494968970
353731431658
426984601438
199792261684
125276057760
198425028278
125427581684
251867241086
471801029578
374436672014
353909414407
167356455342
196090487930
228664720290
298803431026
306306915193
459728286220
177238704274
275773294016
420770633744
483737529515
278606621827
436538101889
341776081912
241200462486
408518225877
257833234763
336990824834
476729985633
205510423418
181322096182
446339455871
108265791327
366080563377
168433006075
275432296129
489559190118
314297512552
493719408746
345162471790
274188853935
454699308779
443863943895
249159664363
198017808789
181645462190
470754019710
351069106169
482156879679
440207418941
266836677560
272804821558
430542830787
352769617933
331252041200
359772074705
445950569893
282037495446
242611713810
272293404437
322321972534
128568935097
169277567170
494029684544
301296314848
487383290941
455073303012
166410946636
117531815105
296663172128
236569194956
389880159861
104756077594
491387237921
270788050694
128663629136
112391016546
456284409738
204507349469
108998278741
436843191702
290866301043
409904315543
261035961103
207145635909
173574762791
165410560656
368048670207
408798479887
309748632554
122467694867
117871682622
478766507578
104360878794
171535601291
256277895789
243470444690
194260314682
249396166419
445720629064
105662881278
368202412188
287106147086
329638517543
178100335802
377226025891
120846592634
484952403880
438286680981
298336088299
220971692378
142139919347
212990271251
319837345827
309810930347
162863966139
320661512927
409687321296
246681855809
276445218688
211085649250
214803151158
268674548486
308848255439
228595117817
324604490584
379874279293
489911414099
136084937783
383804026859
318012046371
174152339173
129034111124
373918284358
202624502670
129589838820
176589046113
469793030035
112774137618
332757004125
124119497302
233603488807
493653733622
133445909132
463359501356
109347193763
109534369353
313507476019
206512290870
210954911617
125475184471
300422738664
239305304937
250763833129
436304307731
403786595871
205588078283
232186894169
252309833533
476978695094
157939252676
252744328579
292037720299
149142422326
199632040365
299329543377
134903785324
302358510614
380642324615
417870825764
173678728807
436789214657
470843542316
453681389866
171377382250
219881636785
119393174175
210354205585
342988960192
235315880457
397939415723
215437015396
256858409566
380093633610
245028294625
271387189336
210168504058
247036952930
471696252779
114891146787
250403944036
107397009632
316660748381
193551263210
168550196576
431184679048
437268412338
120039547165
145237373910
154081984081
178143163510
241966079648
372891347355
136464896861
211456258998
418157439313
304963630929
459421217347
482592850922
156162047830
476404329463
184505830625
317771908838
182385879026
145378332027
310504255048
215064927143
366674516718
217234780365
280623877035
434564376259
276558011540
472233445435
130634350231
477322986258
461458525381
350437721955
421112134241
211412846024
214527455671
186476880472
426897109650
145688901045
395232054355
499943173146
273826233448
204241162727
488794223152
316667855186
326784651766
207033680975
398698149662
395938869848
260513123351
335223241828
336794863804
483012677087
171305113638
398590278783
366984554711
154033855990
276887205138
410013613636
215008752934
289269162721
123729683686
347302239093
471819088112
415230267363
155083662144
444169806158
188772880484
251677647946
351229629802
442942939257
349404116453
111359249845
360609900708
455669061839
451182443563
298497815995
300930895874
122490489254
108260353485
323721119920
356341864752
125381493082
196018574151
368122646961
431322800294
225244330111
135709057732
215940465065
234098275109
375887604942
118165455512
435597422347
399219434259
482773785273
389002361660
142913293568
373169434463
333226762705
248630223493
343611620637
107043716719
347368193137
476420442142
298239100521
361867514574
263854177652
378876402667
208465105409
104572587540
378686892430
250758394783
422854568366
301405704225
142713239293
452129139205
280782007741
491445543208
296202474594
433595545024
402039155088
259022586568
299048458449
365857290163
165130216948
384164903782
268091315214
197886737154
197112886036
485559101311
145253757724
480230096793
182717880816
431298329631
324183575635
158193605174
440916089573
260357333861
263206604431
210300983791
430212050788
106037652189
476958028792
454845230164
173394796250
163629715794
178921339235
425828513911
285077965354
250536327539
115219155229
444026619180
278762535866
477243683084
430256404327
197200083157
384710964569
416568817110
372327777296
137186411453
239037395222
317348413711
377483038898
348658848162
220638210439
480574092092
339314667974
350790027965
392038603691
380921560522
103251863032
377591361204
112924500389
175352459193
374736050000
411530442111
393175812805
294416955672
422272274384
443111642623
481318517654
280523923167
345103845783
222500114565
228589653694
201780068477
174524281966
259451259540
121041167293
424586658162
207976174470
341279491038
216936957310
127572015200
473157293011
148112023384
219367620690
438391742355
444729386564
232312488706
379163679262
467378291782
282679337643
491089513388
275187528888
123545464227
277275697478
384818392444
340249812325
120349617171
418185259438
190219842947
497313480853
237372264731
236759913283
421820897243
476983837735
481540142695
439745905224
398307794716
299804727356
269393470086
451980001474
475997099865
265915819663
394867896266
270674190859
436054054319
132787083135
326708552436
153021148392
254922519545
231703243986
349801016077
361861902934
327559703889
399131704836
317479108675
215845114306
477210178987
300232632450
342882230120
103871821034
470112564931
273141874554
454879693241
139156090498
388860693136
214287065320
252780155175
439289543722
211139270407
344749573083
299050196016
479956023220
443323905363
167071656873
372191136286
172962832780
321083704371
220175126854
457554807028
316604215822
134798553166
401608252661
101448055070
185946747922
463452267491
101987459969
135305035358
437319249681
379217192924
113192475578
315091815803
446854003422
363876868208
130652935579
378752708840
369348713950
147997455962
130409068721
440137598628
198237035800
441017151667
276818342183
343857783001
